ECCENTRICITY=0.39177
PERIOD=3.26375
GRAVITATION_PARAMETER=324838