ECCENTRICITY=0.2918967
PERIOD=3.26375
GRAVITATION_PARAMETER=324838